10001481    2.500    6
10001482    2.550    6
10001483    2.600    6
10001480    2.450    6
10001484    2.650    6
10001332    2.450    34
10001324    2.600    34
10001322    2.500    34
10001485    2.700    6
10001323    2.550    34
10001428    2.500    125
10001360    2.400    34
10001325    2.650    34
10001432    2.700    125
10001326    2.700    34
10001486    2.750    6
10001427    2.450    125
10001522    2.250    216
10001487    2.800    6
10001430    2.600    125
10001327    2.750    34
10001433    2.750    125
10001431    2.650    125
10001429    2.550    125
10001378    2.300    34
10001328    2.800    34
10001515    2.600    216
10001434    2.800    125
10001470    2.850    125
10001517    2.700    216
10001440    2.250    125
10001488    2.850    6
10001426    2.400    125
10001520    2.300    216
10001512    2.450    216
10001511    2.400    216
10001370    2.350    34
10001513    2.500    216
10001436    2.350    125
10001510    2.350    216
10001516    2.650    216
10001518    2.750    216
10001438    2.300    125
10001329    2.850    34
10001514    2.550    216
10001492    2.400    6
10001524    2.800    216
10001330    2.900    34
10001442    2.200    125
10001334    2.950    34
10001478    2.800    6
10001479    2.850    6
10001384    2.250    34
10001412    2.200    34
10001491    2.350    6
10001521    2.250    216
10001519    2.300    216
10001504    2.500    216
10001503    2.450    216
10001501    2.350    216
10001502    2.400    216
10001441    2.200    125
10001499    2.200    6
10001411    2.200    34
10001508    2.700    216
10001383    2.250    34
10001437    2.300    125
10001506    2.600    216
10001439    2.250    125
10001505    2.550    216
10001523    2.800    216
10001509    2.750    216
10001493    2.250    6
10001507    2.650    216
10001469    2.850    125
10001418    2.450    125
10001417    2.400    125
10001435    2.350    125
10001425    2.800    125
10001377    2.300    34
10001317    2.700    34
10001321    2.900    34
10001320    2.850    34
10001318    2.750    34
10001319    2.800    34
10001476    2.700    6
10001472    2.500    6
10001477    2.750    6
10001475    2.650    6
10001473    2.550    6
10001500    2.200    6
10001474    2.600    6
